# runnum	map_entry	idx	waveselect	DG_num	curr_ch	entry	SampleNo
# 18	61136151	1	2	0	199	35472855	2500
# sample	ADC
0	1947
1	1946
2	1941
3	1942
4	1940
5	1944
6	1945
7	1944
8	1945
9	1945
10	1945
11	1944
12	1946
13	1946
14	1946
15	1944
16	1944
17	1947
18	1948
19	1947
20	1945
21	1948
22	1947
23	1949
24	1949
25	1948
26	1948
27	1948
28	1946
29	1948
30	1948
31	1948
32	1946
33	1950
34	1949
35	1947
36	1943
37	1942
38	1944
39	1945
40	1944
41	1942
42	1944
43	1946
44	1944
45	1944
46	1941
47	1944
48	1946
49	1944
50	1941
51	1942
52	1946
53	1946
54	1945
55	1945
56	1945
57	1944
58	1945
59	1944
60	1946
61	1945
62	1945
63	1945
64	1946
65	1946
66	1951
67	1950
68	1948
69	1946
70	1950
71	1952
72	1950
73	1948
74	1948
75	1946
76	1947
77	1948
78	1949
79	1947
80	1946
81	1947
82	1945
83	1945
84	1946
85	1945
86	1946
87	1944
88	1943
89	1942
90	1942
91	1943
92	1945
93	1947
94	1948
95	1946
96	1946
97	1945
98	1945
99	1945
100	1945
101	1945
102	1944
103	1945
104	1946
105	1946
106	1947
107	1946
108	1947
109	1948
110	1948
111	1948
112	1947
113	1945
114	1943
115	1944
116	1943
117	1944
118	1947
119	1948
120	1947
121	1945
122	1947
123	1946
124	1948
125	1945
126	1947
127	1948
128	1942
129	1941
130	1941
131	1943
132	1943
133	1944
134	1948
135	1947
136	1948
137	1946
138	1946
139	1946
140	1949
141	1947
142	1946
143	1944
144	1943
145	1944
146	1946
147	1944
148	1943
149	1940
150	1943
151	1945
152	1944
153	1943
154	1946
155	1945
156	1944
157	1945
158	1943
159	1945
160	1944
161	1943
162	1944
163	1943
164	1945
165	1945
166	1947
167	1947
168	1947
169	1947
170	1945
171	1945
172	1945
173	1947
174	1943
175	1944
176	1947
177	1949
178	1946
179	1945
180	1946
181	1943
182	1947
183	1955
184	2107
185	2271
186	2338
187	2380
188	2407
189	2415
190	2416
191	2415
192	2419
193	2420
194	2422
195	2425
196	2429
197	2435
198	2443
199	2445
200	2444
201	2436
202	2438
203	2435
204	2435
205	2435
206	2438
207	2437
208	2435
209	2435
210	2437
211	2436
212	2435
213	2436
214	2438
215	2439
216	2436
217	2435
218	2432
219	2432
220	2432
221	2434
222	2431
223	2433
224	2433
225	2433
226	2432
227	2430
228	2429
229	2429
230	2432
231	2432
232	2428
233	2427
234	2428
235	2432
236	2430
237	2430
238	2432
239	2433
240	2434
241	2432
242	2430
243	2432
244	2428
245	2426
246	2427
247	2430
248	2430
249	2429
250	2430
251	2430
252	2431
253	2433
254	2432
255	2431
256	2431
257	2430
258	2433
259	2435
260	2434
261	2432
262	2430
263	2428
264	2427
265	2720
266	4068
267	6014
268	7700
269	8575
270	8923
271	9059
272	9114
273	9141
274	9165
275	9191
276	9214
277	9241
278	9274
279	9329
280	9406
281	9462
282	9468
283	9440
284	9413
285	9395
286	9382
287	9374
288	9363
289	9355
290	9348
291	9341
292	9343
293	9354
294	9361
295	9360
296	9355
297	9342
298	9329
299	9324
300	9323
301	9329
302	9333
303	9335
304	9336
305	9331
306	9319
307	9316
308	9318
309	9322
310	9325
311	9328
312	9326
313	9323
314	9321
315	9318
316	9322
317	9324
318	9325
319	9326
320	9327
321	9326
322	9324
323	9322
324	9318
325	9319
326	9322
327	9320
328	9322
329	9317
330	9315
331	9316
332	9315
333	9314
334	9318
335	9318
336	9316
337	9318
338	9314
339	9315
340	9317
341	9315
342	9316
343	9316
344	9312
345	9311
346	9309
347	9310
348	9310
349	9309
350	9310
351	9309
352	9306
353	9309
354	9306
355	9307
356	9308
357	9306
358	9307
359	9307
360	9308
361	9305
362	9306
363	9308
364	9306
365	9306
366	9307
367	9304
368	9303
369	9303
370	9302
371	9300
372	9299
373	9298
374	9300
375	9302
376	9300
377	9301
378	9299
379	9299
380	9297
381	9297
382	9299
383	9299
384	9296
385	9297
386	9298
387	9297
388	9296
389	9298
390	9301
391	9296
392	9291
393	9291
394	9296
395	9297
396	9300
397	9298
398	9297
399	9297
400	9294
401	9295
402	9295
403	9296
404	9295
405	9291
406	9287
407	9287
408	9284
409	9289
410	9291
411	9292
412	9291
413	9289
414	9287
415	9287
416	9290
417	9289
418	9288
419	9287
420	9286
421	9288
422	9287
423	9287
424	9285
425	9285
426	9287
427	9289
428	9289
429	9290
430	9287
431	9283
432	9281
433	9281
434	9284
435	9287
436	9289
437	9285
438	9282
439	9281
440	9283
441	9285
442	9284
443	9283
444	9280
445	9277
446	9276
447	9281
448	9281
449	9281
450	9280
451	9279
452	9278
453	9280
454	9280
455	9277
456	9274
457	9272
458	9274
459	9277
460	9278
461	9274
462	9275
463	9279
464	9280
465	9278
466	9276
467	9277
468	9276
469	9277
470	9276
471	9273
472	9271
473	9271
474	9273
475	9277
476	9273
477	9270
478	9273
479	9275
480	9275
481	9275
482	9273
483	9271
484	9273
485	9273
486	9273
487	9271
488	9270
489	9270
490	9270
491	9270
492	9267
493	9269
494	9268
495	9269
496	9270
497	9272
498	9268
499	9269
500	9269
501	9266
502	9268
503	9268
504	9267
505	9266
506	9266
507	9262
508	9262
509	9263
510	9263
511	9265
512	9266
513	9265
514	9263
515	9262
516	9263
517	9260
518	9259
519	9261
520	9261
521	9263
522	9262
523	9263
524	9264
525	9266
526	9263
527	9263
528	9264
529	9261
530	9258
531	9257
532	9256
533	9259
534	9259
535	9257
536	9255
537	9257
538	9259
539	9257
540	9259
541	9258
542	9257
543	9260
544	9259
545	9253
546	9252
547	9255
548	9256
549	9256
550	9255
551	9255
552	9255
553	9256
554	9255
555	9253
556	9254
557	9256
558	9252
559	9247
560	9248
561	9250
562	9251
563	9251
564	9249
565	9249
566	9249
567	9249
568	9250
569	9252
570	9250
571	9248
572	9247
573	9248
574	9248
575	9247
576	9247
577	9250
578	9252
579	9249
580	9247
581	9250
582	9249
583	9248
584	9243
585	9243
586	9245
587	9245
588	9245
589	9245
590	9245
591	9247
592	9249
593	9248
594	9246
595	9247
596	9248
597	9246
598	9243
599	9239
600	9242
601	9238
602	9242
603	9242
604	9244
605	9244
606	9241
607	9241
608	9240
609	9241
610	9241
611	9243
612	9244
613	9241
614	9238
615	9238
616	9237
617	9236
618	9236
619	9235
620	9235
621	9235
622	9237
623	9236
624	9233
625	9233
626	9235
627	9237
628	9239
629	9237
630	9238
631	9235
632	9234
633	9233
634	9236
635	9235
636	9235
637	9234
638	9235
639	9235
640	9235
641	9235
642	9235
643	9233
644	9230
645	9232
646	9231
647	9228
648	9232
649	9232
650	9232
651	9233
652	9232
653	9232
654	9232
655	9229
656	9228
657	9229
658	9229
659	9231
660	9226
661	9227
662	9228
663	9225
664	9228
665	9230
666	9231
667	9231
668	9229
669	9230
670	9228
671	9227
672	9227
673	9230
674	9231
675	9228
676	9230
677	9228
678	9228
679	9227
680	9226
681	9226
682	9223
683	9224
684	9224
685	9223
686	9222
687	9225
688	9222
689	9221
690	9218
691	9219
692	9221
693	9221
694	9221
695	9222
696	9221
697	9220
698	9222
699	9222
700	9220
701	9219
702	9217
703	9217
704	9216
705	9217
706	9218
707	9219
708	9218
709	9220
710	9217
711	9214
712	9216
713	9217
714	9218
715	9215
716	9216
717	9214
718	9216
719	9216
720	9218
721	9215
722	9216
723	9213
724	9214
725	9210
726	9210
727	9211
728	9209
729	9210
730	9216
731	9218
732	9216
733	9210
734	9209
735	9212
736	9211
737	9210
738	9214
739	9214
740	9214
741	9214
742	9211
743	9211
744	9209
745	9212
746	9208
747	9208
748	9209
749	9211
750	9209
751	9209
752	9207
753	9208
754	9208
755	9207
756	9208
757	9206
758	9207
759	9206
760	9207
761	9209
762	9209
763	9209
764	9205
765	9205
766	9206
767	9209
768	9208
769	9204
770	9204
771	9202
772	9203
773	9203
774	9206
775	9204
776	9204
777	9205
778	9204
779	9203
780	9202
781	9205
782	9205
783	9206
784	9200
785	9204
786	9199
787	9198
788	9200
789	9201
790	9203
791	9202
792	9206
793	9204
794	9201
795	9199
796	9199
797	9198
798	9198
799	9197
800	9197
801	9197
802	9199
803	9198
804	9199
805	9199
806	9200
807	9200
808	9197
809	9197
810	9198
811	9197
812	9194
813	9195
814	9199
815	9196
816	9199
817	9199
818	9196
819	9197
820	9196
821	9192
822	9195
823	9195
824	9194
825	9195
826	9196
827	9193
828	9191
829	9194
830	9191
831	9191
832	9191
833	9191
834	9188
835	9190
836	9192
837	9187
838	9185
839	9188
840	9190
841	9189
842	9189
843	9190
844	9190
845	9189
846	9192
847	9189
848	9192
849	9190
850	9191
851	9191
852	9189
853	9187
854	9184
855	9185
856	9186
857	9187
858	9188
859	9185
860	9186
861	9185
862	9184
863	9186
864	9184
865	9184
866	9185
867	9181
868	9180
869	9183
870	9182
871	9183
872	9183
873	9182
874	9179
875	9181
876	9181
877	9181
878	9181
879	9183
880	9182
881	9182
882	9181
883	9179
884	9179
885	9180
886	9179
887	9177
888	9177
889	9181
890	9179
891	9177
892	9178
893	9178
894	9176
895	9180
896	9179
897	9178
898	9179
899	9180
900	9180
901	9178
902	9174
903	9172
904	9172
905	9177
906	9177
907	9178
908	9179
909	9176
910	9175
911	9175
912	9176
913	9174
914	9173
915	9172
916	9173
917	9169
918	9172
919	9170
920	9170
921	9171
922	9173
923	9171
924	9170
925	9170
926	9167
927	9167
928	9170
929	9168
930	9165
931	9168
932	9170
933	9167
934	9168
935	9167
936	9168
937	9169
938	9169
939	9167
940	9167
941	9164
942	9164
943	9166
944	9169
945	9172
946	9170
947	9169
948	9165
949	9169
950	9166
951	9164
952	9163
953	9163
954	9163
955	9165
956	9166
957	9163
958	9164
959	9161
960	9162
961	9161
962	9160
963	9158
964	9160
965	9160
966	9162
967	9162
968	9163
969	9162
970	9161
971	9157
972	9160
973	9162
974	9165
975	9167
976	9163
977	9161
978	9160
979	9160
980	9157
981	9159
982	9159
983	9160
984	9160
985	9163
986	9160
987	9159
988	9161
989	9157
990	9156
991	9156
992	9160
993	9159
994	9157
995	9156
996	9157
997	9161
998	9163
999	9158
1000	9157
1001	9156
1002	9155
1003	9156
1004	9156
1005	9157
1006	9157
1007	9155
1008	9156
1009	9156
1010	9153
1011	9152
1012	9151
1013	9151
1014	9150
1015	9149
1016	9153
1017	9151
1018	9152
1019	9148
1020	9151
1021	9151
1022	9148
1023	9148
1024	9147
1025	9149
1026	9152
1027	9151
1028	9151
1029	9152
1030	9151
1031	9150
1032	9152
1033	9152
1034	9149
1035	9145
1036	9141
1037	9140
1038	9145
1039	9147
1040	9145
1041	9145
1042	9146
1043	9147
1044	9148
1045	9151
1046	9146
1047	9146
1048	9143
1049	9144
1050	9142
1051	9142
1052	9141
1053	9144
1054	9147
1055	9147
1056	9145
1057	9146
1058	9147
1059	9147
1060	9144
1061	9147
1062	9144
1063	9143
1064	9145
1065	9139
1066	9138
1067	9139
1068	9136
1069	9135
1070	9138
1071	9137
1072	9139
1073	9141
1074	9137
1075	9135
1076	9139
1077	9142
1078	9139
1079	9139
1080	9137
1081	9137
1082	9138
1083	9139
1084	9136
1085	9137
1086	9137
1087	9136
1088	9136
1089	9138
1090	9137
1091	9134
1092	9132
1093	9137
1094	9133
1095	9135
1096	9137
1097	9140
1098	9138
1099	9137
1100	9139
1101	9137
1102	9137
1103	9134
1104	9133
1105	9132
1106	9130
1107	9131
1108	9133
1109	9131
1110	9130
1111	9131
1112	9130
1113	9131
1114	9133
1115	9128
1116	9126
1117	9127
1118	9130
1119	9133
1120	9135
1121	9134
1122	9136
1123	9134
1124	9132
1125	9131
1126	9131
1127	9132
1128	9131
1129	9131
1130	9126
1131	9126
1132	9125
1133	9128
1134	9126
1135	9128
1136	9127
1137	9128
1138	9127
1139	9128
1140	9127
1141	9126
1142	9128
1143	9126
1144	9121
1145	9125
1146	9128
1147	9127
1148	9128
1149	9126
1150	9124
1151	9128
1152	9130
1153	9127
1154	9124
1155	9121
1156	9120
1157	9121
1158	9123
1159	9125
1160	9125
1161	9126
1162	9123
1163	9121
1164	9123
1165	9121
1166	9123
1167	9122
1168	9117
1169	9122
1170	9120
1171	9118
1172	9121
1173	9120
1174	9119
1175	9117
1176	9118
1177	9117
1178	9115
1179	9114
1180	9116
1181	9116
1182	9120
1183	9119
1184	9119
1185	9118
1186	9117
1187	9117
1188	9119
1189	9118
1190	9116
1191	9118
1192	9120
1193	9120
1194	9120
1195	9120
1196	9114
1197	9117
1198	9114
1199	9113
1200	9111
1201	9111
1202	9114
1203	9114
1204	9114
1205	9112
1206	9114
1207	9114
1208	9113
1209	9115
1210	9113
1211	9115
1212	9112
1213	9109
1214	9110
1215	9111
1216	9111
1217	9108
1218	9109
1219	9114
1220	9111
1221	9111
1222	9113
1223	9111
1224	9111
1225	9109
1226	9108
1227	9112
1228	9111
1229	9111
1230	9111
1231	9110
1232	9112
1233	9108
1234	9105
1235	9108
1236	9104
1237	9105
1238	9104
1239	9105
1240	9104
1241	9103
1242	9100
1243	9100
1244	9102
1245	9104
1246	9106
1247	9103
1248	9103
1249	9100
1250	9099
1251	9100
1252	9098
1253	9099
1254	9101
1255	9102
1256	9102
1257	9103
1258	9100
1259	9101
1260	9097
1261	9096
1262	9096
1263	9099
1264	9099
1265	9099
1266	9100
1267	9100
1268	9098
1269	9103
1270	9099
1271	9095
1272	9094
1273	9095
1274	9097
1275	9098
1276	9101
1277	9100
1278	9100
1279	9098
1280	9095
1281	9096
1282	9097
1283	9099
1284	9098
1285	9099
1286	9098
1287	9097
1288	9095
1289	9097
1290	9095
1291	9095
1292	9095
1293	9093
1294	9095
1295	9093
1296	9093
1297	9091
1298	9093
1299	9090
1300	9093
1301	9095
1302	9097
1303	9097
1304	9094
1305	9094
1306	9091
1307	9090
1308	9092
1309	9091
1310	9090
1311	9089
1312	9087
1313	9089
1314	9094
1315	9093
1316	9092
1317	9094
1318	9091
1319	9086
1320	9090
1321	9090
1322	9089
1323	9091
1324	9088
1325	9089
1326	9090
1327	9087
1328	9088
1329	9089
1330	9090
1331	9091
1332	9086
1333	9086
1334	9087
1335	9087
1336	9086
1337	9085
1338	9085
1339	9090
1340	9086
1341	9084
1342	9084
1343	9086
1344	9082
1345	9086
1346	9084
1347	9082
1348	9084
1349	9085
1350	9080
1351	9081
1352	9083
1353	9082
1354	9082
1355	9083
1356	9084
1357	9083
1358	9082
1359	9083
1360	9082
1361	9081
1362	9077
1363	9077
1364	9076
1365	9079
1366	9082
1367	9081
1368	9081
1369	9076
1370	9076
1371	9080
1372	9080
1373	9075
1374	9074
1375	9078
1376	9079
1377	9081
1378	9078
1379	9074
1380	9076
1381	9078
1382	9077
1383	9076
1384	9076
1385	9077
1386	9077
1387	9076
1388	9073
1389	9070
1390	9073
1391	9073
1392	9077
1393	9078
1394	9074
1395	9076
1396	9071
1397	9070
1398	9074
1399	9074
1400	9075
1401	9073
1402	9073
1403	9074
1404	9072
1405	9071
1406	9070
1407	9069
1408	9071
1409	9069
1410	9070
1411	9070
1412	9069
1413	9067
1414	9068
1415	9067
1416	9068
1417	9069
1418	9069
1419	9072
1420	9068
1421	9066
1422	9066
1423	9068
1424	9068
1425	9068
1426	9067
1427	9069
1428	9066
1429	9066
1430	9065
1431	9068
1432	9066
1433	9063
1434	9063
1435	9062
1436	9063
1437	9065
1438	9061
1439	9062
1440	9061
1441	9066
1442	9067
1443	9064
1444	9063
1445	9063
1446	9064
1447	9061
1448	9059
1449	9059
1450	9063
1451	9061
1452	9060
1453	9061
1454	9063
1455	9065
1456	9064
1457	9062
1458	9060
1459	9062
1460	9060
1461	9062
1462	9058
1463	9056
1464	9056
1465	9058
1466	9060
1467	9062
1468	9064
1469	9064
1470	9061
1471	9059
1472	9058
1473	9060
1474	9058
1475	9059
1476	9057
1477	9056
1478	9054
1479	9056
1480	9054
1481	9053
1482	9051
1483	9054
1484	9058
1485	9058
1486	9055
1487	9057
1488	9054
1489	9053
1490	9053
1491	9052
1492	9051
1493	9054
1494	9052
1495	9051
1496	9054
1497	9054
1498	9051
1499	9051
1500	9051
1501	9053
1502	9052
1503	9052
1504	9053
1505	9051
1506	9053
1507	9053
1508	9053
1509	9053
1510	9051
1511	9049
1512	9050
1513	9049
1514	9050
1515	9051
1516	9050
1517	9051
1518	9050
1519	9050
1520	9047
1521	9049
1522	9049
1523	9046
1524	9045
1525	9049
1526	9050
1527	9047
1528	9040
1529	9044
1530	9044
1531	9043
1532	9041
1533	9043
1534	9048
1535	9048
1536	9045
1537	9044
1538	9044
1539	9045
1540	9045
1541	9046
1542	9043
1543	9044
1544	9046
1545	9045
1546	9041
1547	9038
1548	9039
1549	9038
1550	9043
1551	9041
1552	9040
1553	9044
1554	9044
1555	9043
1556	9039
1557	9038
1558	9037
1559	9037
1560	9039
1561	9038
1562	9038
1563	9039
1564	9039
1565	9034
1566	9037
1567	9039
1568	9038
1569	9035
1570	9037
1571	9039
1572	9038
1573	9035
1574	9033
1575	9033
1576	9037
1577	9037
1578	9035
1579	9032
1580	9031
1581	9034
1582	9037
1583	9036
1584	9035
1585	9034
1586	9033
1587	9033
1588	9034
1589	9035
1590	9033
1591	9031
1592	9027
1593	9028
1594	9029
1595	9033
1596	9035
1597	9036
1598	9034
1599	9033
1600	9033
1601	9031
1602	9031
1603	9028
1604	9028
1605	9029
1606	9032
1607	9033
1608	9031
1609	9031
1610	9029
1611	9031
1612	9027
1613	9026
1614	9026
1615	9027
1616	9028
1617	9028
1618	9026
1619	9028
1620	9027
1621	9027
1622	9028
1623	9027
1624	9030
1625	9031
1626	9025
1627	9023
1628	9021
1629	9024
1630	9024
1631	9024
1632	9025
1633	9023
1634	9022
1635	9023
1636	9023
1637	9024
1638	9022
1639	9020
1640	9017
1641	9018
1642	9020
1643	9022
1644	9019
1645	9019
1646	9022
1647	9022
1648	9022
1649	9023
1650	9018
1651	9020
1652	9020
1653	9021
1654	9023
1655	9023
1656	9021
1657	9023
1658	9021
1659	9022
1660	9020
1661	9020
1662	9018
1663	9016
1664	9018
1665	9019
1666	9022
1667	9019
1668	9017
1669	9018
1670	9016
1671	9015
1672	9017
1673	9014
1674	9016
1675	9017
1676	9017
1677	9020
1678	9019
1679	9019
1680	9019
1681	9020
1682	9017
1683	9016
1684	9012
1685	9014
1686	9013
1687	9018
1688	9017
1689	9016
1690	9015
1691	9015
1692	9017
1693	9015
1694	9011
1695	9012
1696	9013
1697	9013
1698	9012
1699	9014
1700	9011
1701	9010
1702	9010
1703	9009
1704	9010
1705	9009
1706	9006
1707	9007
1708	9004
1709	9003
1710	9002
1711	9004
1712	9007
1713	9009
1714	9008
1715	9004
1716	9004
1717	9006
1718	9006
1719	9006
1720	9008
1721	9009
1722	9007
1723	9008
1724	9005
1725	9006
1726	9005
1727	9006
1728	9004
1729	9006
1730	9004
1731	9001
1732	9002
1733	9001
1734	9001
1735	9002
1736	9000
1737	9001
1738	8999
1739	8999
1740	9000
1741	8999
1742	9000
1743	9003
1744	9002
1745	9004
1746	9003
1747	9006
1748	9003
1749	9004
1750	9001
1751	8999
1752	8999
1753	9000
1754	9000
1755	8998
1756	8999
1757	8999
1758	9000
1759	8997
1760	8997
1761	8994
1762	8994
1763	8996
1764	8993
1765	8998
1766	8998
1767	8998
1768	8998
1769	9000
1770	9000
1771	8997
1772	8998
1773	8996
1774	8995
1775	8995
1776	8996
1777	8996
1778	8994
1779	8993
1780	8994
1781	8994
1782	8994
1783	8992
1784	8989
1785	8994
1786	8989
1787	8994
1788	8992
1789	8991
1790	8990
1791	8990
1792	8987
1793	8991
1794	8990
1795	8989
1796	8989
1797	8990
1798	8992
1799	8991
1800	8992
1801	8995
1802	8989
1803	8990
1804	8991
1805	8992
1806	8991
1807	8993
1808	8992
1809	8988
1810	8989
1811	8988
1812	8989
1813	8990
1814	8988
1815	8988
1816	8989
1817	8986
1818	8985
1819	8988
1820	8986
1821	8987
1822	8986
1823	8988
1824	8990
1825	8992
1826	8988
1827	8985
1828	8984
1829	8984
1830	8983
1831	8985
1832	8984
1833	8986
1834	8986
1835	8986
1836	8984
1837	8982
1838	8983
1839	8985
1840	8982
1841	8981
1842	8979
1843	8983
1844	8982
1845	8980
1846	8977
1847	8978
1848	8980
1849	8980
1850	8979
1851	8978
1852	8980
1853	8981
1854	8980
1855	8979
1856	8975
1857	8979
1858	8979
1859	8979
1860	8977
1861	8976
1862	8976
1863	8979
1864	8978
1865	8979
1866	8977
1867	8980
1868	8975
1869	8976
1870	8978
1871	8979
1872	8978
1873	8976
1874	8974
1875	8976
1876	8980
1877	8979
1878	8978
1879	8977
1880	8972
1881	8969
1882	8972
1883	8975
1884	8971
1885	8972
1886	8973
1887	8972
1888	8973
1889	8971
1890	8969
1891	8970
1892	8969
1893	8970
1894	8971
1895	8971
1896	8969
1897	8969
1898	8970
1899	8971
1900	8972
1901	8973
1902	8974
1903	8972
1904	8970
1905	8970
1906	8970
1907	8968
1908	8969
1909	8969
1910	8967
1911	8967
1912	8970
1913	8967
1914	8962
1915	8961
1916	8965
1917	8966
1918	8970
1919	8970
1920	8969
1921	8969
1922	8969
1923	8965
1924	8966
1925	8966
1926	8967
1927	8966
1928	8966
1929	8964
1930	8964
1931	8959
1932	8962
1933	8960
1934	8960
1935	8963
1936	8964
1937	8965
1938	8964
1939	8963
1940	8960
1941	8961
1942	8964
1943	8964
1944	8961
1945	8967
1946	8965
1947	8963
1948	8962
1949	8961
1950	8957
1951	8954
1952	8957
1953	8960
1954	8959
1955	8957
1956	8959
1957	8954
1958	8956
1959	8957
1960	8958
1961	8960
1962	8958
1963	8958
1964	8960
1965	8960
1966	8961
1967	8962
1968	8959
1969	8957
1970	8956
1971	8955
1972	8956
1973	8959
1974	8955
1975	8955
1976	8955
1977	8956
1978	8954
1979	8955
1980	8955
1981	8955
1982	8957
1983	8954
1984	8952
1985	8953
1986	8955
1987	8951
1988	8954
1989	8955
1990	8952
1991	8949
1992	8951
1993	8949
1994	8950
1995	8951
1996	8951
1997	8948
1998	8948
1999	8951
2000	8951
2001	8951
2002	8952
2003	8951
2004	8951
2005	8950
2006	8946
2007	8945
2008	8946
2009	8946
2010	8946
2011	8947
2012	8950
2013	8949
2014	8945
2015	8941
2016	8944
2017	8944
2018	8944
2019	8946
2020	8946
2021	8946
2022	8944
2023	8945
2024	8944
2025	8947
2026	8945
2027	8949
2028	8949
2029	8949
2030	8947
2031	8948
2032	8947
2033	8946
2034	8946
2035	8940
2036	8940
2037	8941
2038	8945
2039	8944
2040	8942
2041	8943
2042	8942
2043	8940
2044	8940
2045	8942
2046	8943
2047	8942
2048	8940
2049	8938
2050	8939
2051	8938
2052	8937
2053	8937
2054	8934
2055	8935
2056	8936
2057	8937
2058	8937
2059	8937
2060	8937
2061	8936
2062	8934
2063	8932
2064	8934
2065	8935
2066	8934
2067	8935
2068	8935
2069	8934
2070	8933
2071	8934
2072	8932
2073	8935
2074	8934
2075	8935
2076	8934
2077	8934
2078	8938
2079	8935
2080	8933
2081	8934
2082	8934
2083	8931
2084	8933
2085	8931
2086	8929
2087	8933
2088	8933
2089	8930
2090	8931
2091	8931
2092	8931
2093	8929
2094	8927
2095	8926
2096	8928
2097	8929
2098	8932
2099	8932
2100	8931
2101	8932
2102	8929
2103	8927
2104	8928
2105	8928
2106	8927
2107	8927
2108	8926
2109	8927
2110	8931
2111	8929
2112	8927
2113	8926
2114	8925
2115	8922
2116	8923
2117	8924
2118	8928
2119	8929
2120	8928
2121	8927
2122	8926
2123	8927
2124	8926
2125	8924
2126	8923
2127	8923
2128	8925
2129	8925
2130	8922
2131	8923
2132	8920
2133	8918
2134	8915
2135	8916
2136	8920
2137	8920
2138	8918
2139	8919
2140	8922
2141	8924
2142	8920
2143	8918
2144	8919
2145	8919
2146	8917
2147	8920
2148	8922
2149	8921
2150	8915
2151	8915
2152	8917
2153	8918
2154	8914
2155	8916
2156	8917
2157	8919
2158	8922
2159	8918
2160	8913
2161	8915
2162	8912
2163	8913
2164	8914
2165	8916
2166	8916
2167	8915
2168	8912
2169	8917
2170	8915
2171	8918
2172	8915
2173	8913
2174	8913
2175	8912
2176	8912
2177	8914
2178	8915
2179	8913
2180	8913
2181	8911
2182	8912
2183	8910
2184	8910
2185	8915
2186	8910
2187	8914
2188	8912
2189	8911
2190	8911
2191	8913
2192	8912
2193	8909
2194	8908
2195	8911
2196	8910
2197	8908
2198	8911
2199	8912
2200	8912
2201	8909
2202	8906
2203	8906
2204	8908
2205	8910
2206	8906
2207	8905
2208	8906
2209	8907
2210	8906
2211	8907
2212	8909
2213	8911
2214	8912
2215	8909
2216	8904
2217	8904
2218	8907
2219	8908
2220	8904
2221	8904
2222	8906
2223	8903
2224	8903
2225	8905
2226	8903
2227	8902
2228	8899
2229	8901
2230	8904
2231	8904
2232	8905
2233	8902
2234	8900
2235	8900
2236	8906
2237	8903
2238	8901
2239	8901
2240	8900
2241	8900
2242	8900
2243	8903
2244	8899
2245	8899
2246	8900
2247	8899
2248	8899
2249	8900
2250	8899
2251	8899
2252	8899
2253	8897
2254	8896
2255	8901
2256	8900
2257	8898
2258	8900
2259	8900
2260	8898
2261	8899
2262	8897
2263	8897
2264	8898
2265	8897
2266	8895
2267	8897
2268	8897
2269	8896
2270	8894
2271	8894
2272	8893
2273	8892
2274	8893
2275	8892
2276	8889
2277	8892
2278	8893
2279	8895
2280	8896
2281	8896
2282	8895
2283	8896
2284	8897
2285	8897
2286	8890
2287	8889
2288	8887
2289	8888
2290	8887
2291	8889
2292	8891
2293	8891
2294	8890
2295	8890
2296	8890
2297	8889
2298	8888
2299	8889
2300	8886
2301	8887
2302	8888
2303	8886
2304	8887
2305	8887
2306	8885
2307	8886
2308	8886
2309	8883
2310	8883
2311	8886
2312	8885
2313	8883
2314	8885
2315	8886
2316	8886
2317	8885
2318	8885
2319	8885
2320	8886
2321	8889
2322	8884
2323	8885
2324	8885
2325	8886
2326	8884
2327	8884
2328	8882
2329	8881
2330	8884
2331	8884
2332	8885
2333	8882
2334	8881
2335	8881
2336	8884
2337	8882
2338	8881
2339	8883
2340	8883
2341	8887
2342	8884
2343	8882
2344	8883
2345	8884
2346	8879
2347	8880
2348	8878
2349	8877
2350	8878
2351	8876
2352	8881
2353	8882
2354	8880
2355	8877
2356	8877
2357	8878
2358	8876
2359	8878
2360	8878
2361	8881
2362	8880
2363	8879
2364	8875
2365	8874
2366	8873
2367	8875
2368	8874
2369	8874
2370	8872
2371	8870
2372	8869
2373	8874
2374	8872
2375	8874
2376	8873
2377	8873
2378	8876
2379	8873
2380	8870
2381	8873
2382	8874
2383	8873
2384	8873
2385	8873
2386	8870
2387	8874
2388	8872
2389	8870
2390	8868
2391	8871
2392	8868
2393	8870
2394	8869
2395	8870
2396	8872
2397	8871
2398	8871
2399	8875
2400	8871
2401	8871
2402	8872
2403	8870
2404	8869
2405	8871
2406	8869
2407	8871
2408	8870
2409	8869
2410	8869
2411	8869
2412	8866
2413	8864
2414	8863
2415	8867
2416	8872
2417	8867
2418	8862
2419	8865
2420	8866
2421	8865
2422	8865
2423	8861
2424	8861
2425	8861
2426	8862
2427	8864
2428	8865
2429	8864
2430	8862
2431	8864
2432	8865
2433	8865
2434	8864
2435	8862
2436	8862
2437	8858
2438	8858
2439	8858
2440	8858
2441	8858
2442	8856
2443	8857
2444	8857
2445	8856
2446	8857
2447	8860
2448	8859
2449	8857
2450	8857
2451	8859
2452	8861
2453	8859
2454	8858
2455	8858
2456	8858
2457	8860
2458	8860
2459	8859
2460	8860
2461	8856
2462	8856
2463	8860
2464	8861
2465	8861
2466	8857
2467	8855
2468	8857
2469	8858
2470	8858
2471	8855
2472	8853
2473	8851
2474	8852
2475	8856
2476	8855
2477	8857
2478	8857
2479	8854
2480	8856
2481	8859
2482	8856
2483	8853
2484	8852
2485	8852
2486	8853
2487	8852
2488	8853
2489	8852
2490	8850
2491	8852
2492	8850
2493	8851
2494	8851
2495	8849
2496	8850
2497	8850
2498	8850
2499	8855
