Predicted spontaneous fission half-lives log10(TSF) (in second)

In the calculations, the alpha-decay energies are taken from WS4+RBF predictions.

References: 
ETB: Y. Xie, N. Wang and Z.-Z. Ren, Chin. Phys. C 50 (2026) 044103;
MAA: N. S. Moiseev, N. V. Antonenko and G. G. Adamian, Phys. Rev. C 112, 034607 (2025);

Ning Wang, 2026-03-04
----------------------------------------
A	Z	N	 EBT     MAA  
----------------------------------------
212	90	122	-0.380	--
213	90	123	3.190	--
214	90	124	4.371	--
215	90	125	11.901	--
216	90	126	13.002	--
217	90	127	18.041	--
218	90	128	12.951	--
219	90	129	17.118	--
220	90	130	13.199	--
221	90	131	20.016	-1.964
222	90	132	19.232	-0.851
223	90	133	23.787	7.247
224	90	134	20.850	6.834
225	90	135	27.298	14.205
226	90	136	23.991	13.670
227	90	137	30.486	20.609
228	90	138	24.862	19.977
229	90	139	29.900	25.854
230	90	140	25.935	23.867
231	90	141	31.185	30.117
232	90	142	27.786	27.629
233	90	143	31.614	31.597
234	90	144	25.339	27.316
235	90	145	28.999	30.942
236	90	146	22.759	26.020
237	90	147	28.214	28.712
238	90	148	21.744	22.869
239	90	149	24.891	25.226
240	90	150	17.091	18.999
241	90	151	20.879	21.167
242	90	152	13.540	14.330
243	90	153	16.382	--
244	90	154	9.200	--
245	90	155	10.921	--
246	90	156	4.373	--
247	90	157	5.064	--
248	90	158	1.575	--
249	90	159	2.791	--
250	90	160	0.714	--
251	90	161	3.196	--
252	90	162	0.483	--
253	90	163	2.708	--
254	90	164	-0.216	--
255	90	165	2.257	--
256	90	166	-0.743	--
257	90	167	2.195	--
258	90	168	-0.677	--
259	90	169	2.528	--
210	91	119	-0.064	--
211	91	120	0.540	--
212	91	121	1.119	--
213	91	122	0.139	--
214	91	123	1.873	--
215	91	124	1.419	--
216	91	125	6.541	--
217	91	126	12.820	--
218	91	127	11.434	--
219	91	128	9.096	--
220	91	129	10.023	--
221	91	130	13.439	--
222	91	131	13.942	-3.098
223	91	132	15.117	-0.066
224	91	133	16.575	6.631
225	91	134	20.911	8.199
226	91	135	22.349	14.511
227	91	136	24.068	15.292
228	91	137	25.965	21.232
229	91	138	28.949	21.604
230	91	139	26.157	26.873
231	91	140	25.657	26.312
232	91	141	27.526	31.209
233	91	142	30.955	30.477
234	91	143	28.347	32.897
235	91	144	26.539	29.968
236	91	145	26.657	32.577
237	91	146	29.191	29.306
238	91	147	27.139	30.476
239	91	148	25.689	27.187
240	91	149	24.760	28.179
241	91	150	24.647	23.750
242	91	151	21.372	24.218
243	91	152	18.878	19.532
244	91	153	16.990	19.261
245	91	154	15.868	--
246	91	155	11.798	--
247	91	156	8.285	--
248	91	157	5.619	--
249	91	158	4.394	--
250	91	159	2.756	--
251	91	160	1.480	--
252	91	161	1.894	--
253	91	162	1.424	--
254	91	163	1.338	--
255	91	164	-0.710	--
256	91	165	0.988	--
257	91	166	0.838	--
258	91	167	1.389	--
259	91	168	0.622	--
260	91	169	1.803	--
261	91	170	0.840	--
262	91	171	2.605	--
214	92	122	-3.601	--
215	92	123	-0.118	--
216	92	124	-1.541	--
217	92	125	3.309	--
218	92	126	3.104	--
219	92	127	6.901	--
220	92	128	3.255	--
221	92	129	6.453	--
222	92	130	5.041	--
223	92	131	9.617	--
224	92	132	8.536	--
225	92	133	12.623	1.350
226	92	134	12.897	1.108
227	92	135	18.256	9.962
228	92	136	17.752	9.226
229	92	137	23.079	16.726
230	92	138	19.062	15.660
231	92	139	24.392	22.489
232	92	140	21.091	20.349
233	92	141	26.062	27.099
234	92	142	23.968	24.453
235	92	143	26.615	28.353
236	92	144	23.740	24.407
237	92	145	26.434	28.814
238	92	146	23.571	24.252
239	92	147	26.313	27.512
240	92	148	23.150	22.200
241	92	149	24.966	25.399
242	92	150	20.030	20.038
243	92	151	22.465	22.676
244	92	152	17.215	15.930
245	92	153	18.433	17.549
246	92	154	12.151	10.382
247	92	155	13.547	--
248	92	156	7.470	--
249	92	157	8.117	--
250	92	158	2.530	--
251	92	159	3.301	--
252	92	160	0.323	--
253	92	161	1.798	--
254	92	162	0.068	--
255	92	163	-0.544	--
256	92	164	-2.801	--
257	92	165	-1.870	--
258	92	166	-2.162	--
259	92	167	-1.548	--
260	92	168	-1.912	--
261	92	169	-0.441	--
262	92	170	-1.665	--
263	92	171	0.084	--
264	92	172	-0.834	--
216	93	123	1.238	--
217	93	124	0.474	--
218	93	125	3.868	--
219	93	126	5.744	--
220	93	127	3.790	--
221	93	128	1.204	--
222	93	129	3.521	--
223	93	130	5.721	--
224	93	131	6.138	--
225	93	132	6.408	--
226	93	133	7.687	-0.059
227	93	134	11.750	2.442
228	93	135	13.770	9.975
229	93	136	15.981	10.951
230	93	137	19.149	16.598
231	93	138	22.296	17.153
232	93	139	21.378	22.276
233	93	140	21.526	22.294
234	93	141	23.741	26.617
235	93	142	26.511	25.769
236	93	143	24.403	28.457
237	93	144	23.223	26.242
238	93	145	24.262	28.979
239	93	146	26.234	26.764
240	93	147	23.871	27.994
241	93	148	23.497	25.541
242	93	149	23.621	27.205
243	93	150	24.273	22.952
244	93	151	21.575	23.908
245	93	152	19.650	19.649
246	93	153	18.471	19.922
247	93	154	17.577	14.680
248	93	155	14.227	14.447
249	93	156	12.235	--
250	93	157	10.446	--
251	93	158	8.561	--
252	93	159	5.204	--
253	93	160	3.777	--
254	93	161	4.165	--
255	93	162	3.374	--
256	93	163	1.342	--
257	93	164	-1.071	--
258	93	165	-0.942	--
259	93	166	-1.644	--
260	93	167	-1.359	--
261	93	168	-2.054	--
262	93	169	-0.165	--
263	93	170	-0.518	--
264	93	171	-0.472	--
265	93	172	-0.203	--
266	93	173	1.938	--
218	94	124	-2.438	--
219	94	125	1.661	--
220	94	126	-0.549	--
221	94	127	2.068	--
222	94	128	-1.571	--
223	94	129	0.944	--
224	94	130	-0.683	--
225	94	131	3.542	--
226	94	132	0.704	--
227	94	133	4.550	--
228	94	134	4.201	-4.844
229	94	135	10.050	3.675
230	94	136	9.937	3.530
231	94	137	15.529	11.000
232	94	138	12.555	9.464
233	94	139	18.853	16.177
234	94	140	14.852	13.908
235	94	141	22.155	20.707
236	94	142	17.098	18.360
237	94	143	24.116	22.400
238	94	144	18.210	19.223
239	94	145	23.368	24.393
240	94	146	18.418	20.160
241	94	147	24.006	23.816
242	94	148	19.465	19.261
243	94	149	23.266	22.600
244	94	150	18.336	17.574
245	94	151	21.858	20.444
246	94	152	16.866	14.064
247	94	153	18.600	16.195
248	94	154	13.280	9.968
249	94	155	15.657	11.941
250	94	156	10.962	5.591
251	94	157	12.558	--
252	94	158	6.752	--
253	94	159	9.053	--
254	94	160	3.430	--
255	94	161	6.869	--
256	94	162	1.920	--
257	94	163	3.813	--
258	94	164	-1.104	--
259	94	165	0.965	--
260	94	166	-2.853	--
261	94	167	-1.020	--
262	94	168	-3.600	--
263	94	169	-1.428	--
264	94	170	-2.906	--
265	94	171	-1.958	--
266	94	172	-1.896	--
267	94	173	0.471	--
268	94	174	-0.171	--
269	94	175	0.170	--
270	94	176	-1.819	--
225	95	130	-0.101	--
226	95	131	0.530	--
227	95	132	-0.144	--
228	95	133	1.110	--
229	95	134	3.528	--
230	95	135	5.271	3.841
231	95	136	6.794	4.908
232	95	137	9.472	9.932
233	95	138	12.499	10.200
234	95	139	12.793	15.408
235	95	140	14.017	15.225
236	95	141	16.892	19.688
237	95	142	21.042	19.139
238	95	143	20.332	22.846
239	95	144	18.944	20.838
240	95	145	19.481	24.258
241	95	146	21.590	22.049
242	95	147	20.787	24.402
243	95	148	20.327	21.821
244	95	149	20.600	24.479
245	95	150	21.528	20.836
246	95	151	19.568	21.938
247	95	152	17.798	18.595
248	95	153	16.643	19.532
249	95	154	16.791	14.871
250	95	155	14.478	15.131
251	95	156	12.356	10.958
252	95	157	11.394	11.762
253	95	158	11.739	--
254	95	159	9.942	--
255	95	160	8.077	--
256	95	161	8.327	--
257	95	162	7.833	--
258	95	163	5.668	--
259	95	164	2.808	--
260	95	165	2.697	--
261	95	166	1.730	--
262	95	167	0.596	--
263	95	168	-0.768	--
264	95	169	-0.927	--
265	95	170	-2.636	--
266	95	171	-2.505	--
267	95	172	-1.768	--
268	95	173	0.120	--
269	95	174	-0.238	--
270	95	175	-1.849	--
271	95	176	-3.112	--
228	96	132	-3.413	--
229	96	133	-0.828	--
230	96	134	-1.937	--
231	96	135	1.459	--
232	96	136	2.013	-3.605
233	96	137	5.101	4.127
234	96	138	5.027	2.944
235	96	139	7.867	8.730
236	96	140	7.889	7.181
237	96	141	13.206	14.041
238	96	142	11.783	11.992
239	96	143	16.563	16.911
240	96	144	12.941	13.142
241	96	145	17.116	19.465
242	96	146	13.165	14.634
243	96	147	19.201	19.358
244	96	148	15.184	15.901
245	96	149	19.840	20.271
246	96	150	14.403	16.081
247	96	151	18.755	19.866
248	96	152	14.377	14.413
249	96	153	16.850	16.978
250	96	154	12.129	10.714
251	96	155	13.892	13.833
252	96	156	10.071	7.252
253	96	157	11.303	10.006
254	96	158	8.269	3.712
255	96	159	9.779	--
256	96	160	6.413	--
257	96	161	8.631	--
258	96	162	4.481	--
259	96	163	5.846	--
260	96	164	1.923	--
261	96	165	3.158	--
262	96	166	-0.122	--
263	96	167	1.458	--
264	96	168	-1.792	--
265	96	169	-0.372	--
266	96	170	-3.987	--
267	96	171	-1.750	--
268	96	172	-2.692	--
269	96	173	-1.978	--
270	96	174	-3.376	--
271	96	175	-2.480	--
272	96	176	-4.647	--
230	97	133	0.001	--
231	97	134	-0.992	--
232	97	135	-0.360	--
233	97	136	-0.242	--
234	97	137	1.817	1.876
235	97	138	3.443	2.040
236	97	139	4.118	7.290
237	97	140	5.302	7.241
238	97	141	9.189	12.369
239	97	142	12.328	12.082
240	97	143	12.089	15.691
241	97	144	11.657	13.604
242	97	145	13.390	17.006
243	97	146	16.386	15.962
244	97	147	16.818	19.071
245	97	148	16.938	17.686
246	97	149	18.136	21.278
247	97	150	19.515	18.855
248	97	151	18.140	20.805
249	97	152	16.594	17.694
250	97	153	16.388	19.150
251	97	154	16.028	14.152
252	97	155	13.191	14.773
253	97	156	11.062	10.807
254	97	157	10.456	11.805
255	97	158	10.048	7.394
256	97	159	8.092	8.137
257	97	160	7.312	--
258	97	161	8.236	--
259	97	162	8.195	--
260	97	163	5.386	--
261	97	164	2.554	--
262	97	165	3.329	--
263	97	166	3.307	--
264	97	167	2.298	--
265	97	168	1.176	--
266	97	169	0.917	--
267	97	170	-0.397	--
268	97	171	0.866	--
269	97	172	0.617	--
270	97	173	0.450	--
271	97	174	0.268	--
272	97	175	1.212	--
273	97	176	-4.752	--
274	97	177	-8.730	--
275	97	178	1.974	--
276	97	179	2.489	--
277	97	180	-1.232	--
278	97	181	0.995	--
279	97	182	0.441	--
280	97	183	0.267	--
281	97	184	1.769	--
232	98	134	-3.971	--
233	98	135	-1.013	--
234	98	136	-3.919	--
235	98	137	-0.481	--
236	98	138	-2.299	--
237	98	139	1.747	-0.029
238	98	140	0.492	-2.450
239	98	141	5.280	5.276
240	98	142	4.542	3.422
241	98	143	8.047	8.445
242	98	144	6.265	5.402
243	98	145	10.029	10.894
244	98	146	8.375	7.815
245	98	147	13.413	13.082
246	98	148	10.883	10.765
247	98	149	16.204	15.862
248	98	150	11.161	12.093
249	98	151	17.558	16.402
250	98	152	11.620	11.438
251	98	153	16.243	14.246
252	98	154	9.176	8.482
253	98	155	14.032	10.955
254	98	156	7.794	5.356
255	98	157	11.099	7.859
256	98	158	4.970	2.187
257	98	159	8.118	5.429
258	98	160	4.436	-0.334
259	98	161	7.732	--
260	98	162	4.588	--
261	98	163	4.521	--
262	98	164	0.927	--
263	98	165	2.699	--
264	98	166	0.643	--
265	98	167	2.184	--
266	98	168	-0.218	--
267	98	169	1.142	--
268	98	170	-1.471	--
269	98	171	2.555	--
270	98	172	-0.899	--
271	98	173	2.477	--
272	98	174	-1.021	--
273	98	175	3.367	--
274	98	176	-5.937	--
275	98	177	-8.533	--
276	98	178	-0.434	--
277	98	179	1.658	--
278	98	180	-3.393	--
279	98	181	-0.361	--
280	98	182	-2.513	--
281	98	183	0.937	--
282	98	184	-2.006	--
235	99	136	-1.504	--
236	99	137	-0.332	--
237	99	138	-1.053	--
238	99	139	-0.041	-3.134
239	99	140	-0.515	-2.305
240	99	141	1.956	3.513
241	99	142	3.697	3.890
242	99	143	4.352	7.371
243	99	144	3.774	5.522
244	99	145	5.498	10.175
245	99	146	7.387	9.125
246	99	147	8.394	13.241
247	99	148	9.135	12.112
248	99	149	11.490	15.538
249	99	150	13.951	13.939
250	99	151	14.266	16.512
251	99	152	13.456	13.967
252	99	153	13.547	15.576
253	99	154	13.514	11.042
254	99	155	12.154	12.169
255	99	156	10.550	8.727
256	99	157	9.808	10.129
257	99	158	9.354	6.718
258	99	159	7.387	8.217
259	99	160	5.846	5.051
260	99	161	6.736	6.038
261	99	162	6.591	--
262	99	163	4.183	--
263	99	164	1.183	--
264	99	165	1.459	--
265	99	166	1.941	--
266	99	167	1.080	--
267	99	168	-0.255	--
268	99	169	-0.013	--
269	99	170	0.690	--
270	99	171	1.959	--
271	99	172	3.190	--
272	99	173	3.718	--
273	99	174	4.268	--
274	99	175	2.416	--
275	99	176	-3.712	--
276	99	177	5.175	--
277	99	178	2.322	--
278	99	179	-0.478	--
279	99	180	-1.105	--
280	99	181	0.473	--
281	99	182	0.363	--
282	99	183	2.556	--
283	99	184	0.841	--
238	100	138	-3.809	--
239	100	139	-1.353	--
240	100	140	-3.985	--
241	100	141	-0.070	-4.209
242	100	142	-2.163	-5.184
243	100	143	1.476	0.845
244	100	144	-0.899	-2.796
245	100	145	2.351	3.801
246	100	146	0.739	1.124
247	100	147	4.722	7.379
248	100	148	4.275	4.697
249	100	149	7.433	10.458
250	100	150	6.943	7.080
251	100	151	10.094	12.072
252	100	152	8.700	7.779
253	100	153	10.325	11.142
254	100	154	7.326	4.774
255	100	155	9.396	8.742
256	100	156	6.784	3.179
257	100	157	8.386	7.251
258	100	158	4.373	2.433
259	100	159	6.954	6.584
260	100	160	2.874	1.437
261	100	161	6.056	4.227
262	100	162	2.488	-2.543
263	100	163	3.877	--
264	100	164	0.067	--
265	100	165	1.191	--
266	100	166	-0.485	--
267	100	167	0.695	--
268	100	168	-1.903	--
269	100	169	0.086	--
270	100	170	-0.952	--
271	100	171	0.290	--
272	100	172	1.221	--
273	100	173	2.898	--
274	100	174	0.451	--
275	100	175	2.237	--
276	100	176	1.300	--
277	100	177	5.056	--
278	100	178	-1.462	--
279	100	179	-0.123	--
280	100	180	-1.591	--
281	100	181	0.131	--
282	100	182	-2.640	--
283	100	183	0.659	--
284	100	184	-1.687	--
241	101	140	-1.279	--
242	101	141	0.624	-6.771
243	101	142	0.321	-6.241
244	101	143	1.122	-2.547
245	101	144	-0.034	-3.805
246	101	145	0.996	0.799
247	101	146	1.940	0.780
248	101	147	3.079	5.641
249	101	148	3.014	5.213
250	101	149	4.966	9.171
251	101	150	6.482	8.237
252	101	151	7.195	11.743
253	101	152	6.820	9.064
254	101	153	7.856	10.660
255	101	154	8.195	6.931
256	101	155	6.976	8.100
257	101	156	6.075	5.916
258	101	157	7.071	8.709
259	101	158	7.836	6.116
260	101	159	7.169	8.396
261	101	160	6.457	5.425
262	101	161	7.768	6.728
263	101	162	7.572	1.866
264	101	163	5.989	-0.150
265	101	164	3.550	--
266	101	165	3.750	--
267	101	166	3.878	--
268	101	167	3.240	--
269	101	168	1.904	--
270	101	169	2.204	--
271	101	170	2.028	--
272	101	171	1.012	--
273	101	172	3.015	--
274	101	173	3.852	--
275	101	174	2.946	--
276	101	175	3.030	--
277	101	176	4.526	--
278	101	177	4.526	--
279	101	178	6.292	--
280	101	179	2.956	--
281	101	180	1.126	--
282	101	181	1.711	--
283	101	182	1.438	--
284	101	183	1.547	--
285	101	184	-0.075	--
247	102	145	-1.192	--
248	102	146	-3.089	--
249	102	147	0.743	-1.502
250	102	148	-2.016	-3.343
251	102	149	2.272	3.022
252	102	150	-0.391	0.870
253	102	151	4.519	6.205
254	102	152	1.981	2.393
255	102	153	5.775	5.463
256	102	154	1.846	-0.490
257	102	155	5.454	3.917
258	102	156	2.245	-0.059
259	102	157	5.170	4.568
260	102	158	2.950	0.512
261	102	159	6.469	5.127
262	102	160	3.626	-0.051
263	102	161	7.821	3.441
264	102	162	3.166	-2.371
265	102	163	6.981	-2.144
266	102	164	2.978	-10.818
267	102	165	5.402	--
268	102	166	2.131	--
269	102	167	5.865	--
270	102	168	0.959	--
271	102	169	4.580	--
272	102	170	0.678	--
273	102	171	3.856	--
274	102	172	1.208	--
275	102	173	4.274	--
276	102	174	0.687	--
277	102	175	3.454	--
278	102	176	2.508	--
279	102	177	5.569	--
280	102	178	2.435	--
281	102	179	3.485	--
282	102	180	0.530	--
283	102	181	2.464	--
284	102	182	0.171	--
285	102	183	1.333	--
286	102	184	-1.376	--
249	103	146	-1.904	-1.252
250	103	147	-0.976	0.501
251	103	148	-1.164	-0.442
252	103	149	0.560	1.283
253	103	150	1.625	0.349
254	103	151	2.470	1.996
255	103	152	2.461	0.805
256	103	153	3.614	2.234
257	103	154	3.983	0.898
258	103	155	3.172	2.446
259	103	156	2.047	1.386
260	103	157	2.526	3.264
261	103	158	3.469	2.314
262	103	159	3.536	3.967
263	103	160	3.875	3.092
264	103	161	5.931	4.827
265	103	162	7.237	3.799
266	103	163	5.830	5.100
267	103	164	3.504	3.731
268	103	165	4.530	5.333
269	103	166	5.553	--
270	103	167	5.894	--
271	103	168	5.021	--
272	103	169	5.400	--
273	103	170	5.871	--
274	103	171	5.345	--
275	103	172	3.283	--
276	103	173	3.294	--
277	103	174	3.789	--
278	103	175	3.804	--
279	103	176	6.258	--
280	103	177	6.008	--
281	103	178	-2.412	--
282	103	179	3.815	--
283	103	180	3.948	--
284	103	181	3.422	--
285	103	182	2.998	--
286	103	183	0.423	--
287	103	184	-0.165	--
251	104	147	-2.284	-1.146
252	104	148	-3.909	-3.039
253	104	149	-1.044	-0.352
254	104	150	-3.466	-2.303
255	104	151	0.525	0.311
256	104	152	-1.948	-1.906
257	104	153	1.747	0.409
258	104	154	-1.592	-1.927
259	104	155	1.651	0.627
260	104	156	-1.655	-1.360
261	104	157	1.099	1.312
262	104	158	-1.084	-0.637
263	104	159	1.411	2.109
264	104	160	0.683	0.151
265	104	161	3.581	2.905
266	104	162	3.559	0.919
267	104	163	3.706	3.183
268	104	164	2.391	0.772
269	104	165	2.547	3.320
270	104	166	2.906	1.334
271	104	167	4.025	--
272	104	168	2.858	--
273	104	169	5.084	--
274	104	170	2.506	--
275	104	171	5.926	--
276	104	172	1.830	--
277	104	173	4.816	--
278	104	174	1.218	--
279	104	175	4.536	--
280	104	176	2.557	--
281	104	177	6.173	--
282	104	178	3.154	--
283	104	179	4.958	--
284	104	180	1.270	--
285	104	181	4.181	--
286	104	182	1.399	--
287	104	183	1.900	--
288	104	184	-1.049	--
253	105	148	-1.751	-1.061
254	105	149	-0.222	0.649
255	105	150	-0.329	-0.354
256	105	151	1.302	1.153
257	105	152	0.689	-0.067
258	105	153	1.975	1.271
259	105	154	1.954	0.047
260	105	155	1.948	1.454
261	105	156	0.790	0.531
262	105	157	1.530	2.236
263	105	158	1.327	1.295
264	105	159	1.190	2.974
265	105	160	0.920	2.038
266	105	161	3.533	3.812
267	105	162	4.597	2.771
268	105	163	3.770	4.029
269	105	164	1.948	2.580
270	105	165	2.052	4.105
271	105	166	2.621	3.074
272	105	167	3.397	4.709
273	105	168	3.609	--
274	105	169	4.639	--
275	105	170	5.914	--
276	105	171	6.563	--
277	105	172	6.327	--
278	105	173	6.536	--
279	105	174	7.034	--
280	105	175	5.546	--
281	105	176	5.073	--
282	105	177	7.486	--
283	105	178	10.411	--
284	105	179	6.507	--
285	105	180	4.509	--
286	105	181	6.542	--
287	105	182	5.994	--
288	105	183	4.194	--
289	105	184	2.492	--
254	106	148	-2.925	-3.796
255	106	149	-1.053	-1.111
256	106	150	-3.068	-3.133
257	106	151	0.070	-0.622
258	106	152	-2.407	-2.863
259	106	153	0.680	-0.533
260	106	154	-1.869	-2.860
261	106	155	1.044	-0.191
262	106	156	-2.032	-2.294
263	106	157	1.315	0.433
264	106	158	-2.253	-1.573
265	106	159	1.306	1.149
266	106	160	-1.249	-0.760
267	106	161	2.845	1.971
268	106	162	1.505	-0.054
269	106	163	3.475	2.188
270	106	164	0.509	-0.270
271	106	165	1.903	2.210
272	106	166	0.673	0.164
273	106	167	3.312	2.836
274	106	168	2.012	0.812
275	106	169	4.110	--
276	106	170	2.582	--
277	106	171	6.328	--
278	106	172	3.809	--
279	106	173	7.154	--
280	106	174	3.671	--
281	106	175	7.461	--
282	106	176	2.552	--
283	106	177	7.856	--
284	106	178	3.729	--
285	106	179	7.926	--
286	106	180	3.241	--
287	106	181	8.582	--
288	106	182	2.708	--
289	106	183	6.824	--
290	106	184	1.499	--
291	106	185	3.185	--
292	106	186	-0.969	--
293	106	187	2.571	--
294	106	188	-1.739	--
295	106	189	0.395	--
296	106	190	-0.302	--
256	107	149	-0.591	-0.367
257	107	150	-1.138	-1.406
258	107	151	0.654	0.107
259	107	152	-0.993	-1.137
260	107	153	0.225	0.243
261	107	154	-1.020	-1.006
262	107	155	0.050	0.534
263	107	156	-0.977	-0.617
264	107	157	0.815	1.157
265	107	158	0.728	0.166
266	107	159	1.522	1.825
267	107	160	0.789	0.894
268	107	161	3.142	2.670
269	107	162	3.801	1.670
270	107	163	4.356	2.933
271	107	164	2.961	1.484
272	107	165	2.954	2.940
273	107	166	2.369	1.869
274	107	167	3.059	3.568
275	107	168	2.504	2.555
276	107	169	2.587	4.157
277	107	170	2.282	--
278	107	171	3.425	--
279	107	172	3.883	--
280	107	173	5.219	--
281	107	174	7.239	--
282	107	175	7.787	--
283	107	176	6.803	--
284	107	177	6.232	--
285	107	178	7.668	--
286	107	179	6.940	--
287	107	180	6.416	--
288	107	181	7.520	--
289	107	182	8.027	--
290	107	183	7.555	--
291	107	184	6.312	--
292	107	185	3.239	--
293	107	186	2.864	--
294	107	187	2.677	--
295	107	188	0.810	--
296	107	189	-0.492	--
297	107	190	0.460	--
298	107	191	1.070	--
299	107	192	0.255	--
258	108	150	-2.529	-4.403
259	108	151	-2.091	-1.910
260	108	152	-2.259	-4.137
261	108	153	-2.388	-1.784
262	108	154	-2.945	-4.021
263	108	155	-2.851	-1.515
264	108	156	-2.646	-3.490
265	108	157	-2.048	-0.909
266	108	158	-1.851	-2.928
267	108	159	-0.582	-0.226
268	108	160	-1.419	-2.100
269	108	161	2.100	0.677
270	108	162	-0.136	-1.278
271	108	163	3.545	0.995
272	108	164	1.006	-1.408
273	108	165	3.149	1.030
274	108	166	0.734	-1.077
275	108	167	2.733	1.622
276	108	168	0.398	-0.379
277	108	169	1.419	2.183
278	108	170	-0.434	0.167
279	108	171	1.018	--
280	108	172	1.328	--
281	108	173	4.277	--
282	108	174	3.399	--
283	108	175	6.867	--
284	108	176	4.432	--
285	108	177	6.565	--
286	108	178	3.300	--
287	108	179	7.011	--
288	108	180	4.230	--
289	108	181	6.285	--
290	108	182	3.214	--
291	108	183	7.239	--
292	108	184	3.800	--
293	108	185	4.399	--
294	108	186	-0.495	--
295	108	187	2.439	--
296	108	188	-0.750	--
297	108	189	0.920	--
298	108	190	-2.105	--
299	108	191	1.356	--
300	108	192	-0.965	--
301	108	193	1.036	--
302	108	194	-0.924	--
260	109	151	-1.305	-1.342
261	109	152	-2.597	-2.592
262	109	153	-1.317	-1.218
263	109	154	-2.994	-2.425
264	109	155	-2.306	-0.918
265	109	156	-3.912	-2.035
266	109	157	-3.028	-0.375
267	109	158	-3.645	-1.361
268	109	159	-2.005	0.300
269	109	160	-1.448	-0.550
270	109	161	1.852	1.288
271	109	162	2.124	0.317
272	109	163	3.400	1.626
273	109	164	1.803	0.224
274	109	165	2.574	1.663
275	109	166	1.478	0.531
276	109	167	2.650	2.261
277	109	168	1.885	1.286
278	109	169	1.032	2.879
279	109	170	1.705	2.035
280	109	171	1.767	3.896
281	109	172	1.817	--
282	109	173	4.256	--
283	109	174	5.919	--
284	109	175	7.091	--
285	109	176	6.704	--
286	109	177	7.062	--
287	109	178	7.109	--
288	109	179	7.651	--
289	109	180	7.376	--
290	109	181	7.252	--
291	109	182	7.079	--
292	109	183	8.145	--
293	109	184	7.710	--
294	109	185	5.656	--
295	109	186	1.993	--
296	109	187	1.175	--
297	109	188	2.689	--
298	109	189	2.793	--
299	109	190	1.849	--
300	109	191	2.806	--
301	109	192	2.787	--
302	109	193	3.114	--
303	109	194	2.328	--
262	110	152	-4.515	-5.686
263	110	153	-2.172	-3.317
264	110	154	-4.533	-5.560
265	110	155	-3.070	-3.016
266	110	156	-5.214	-5.112
267	110	157	-3.989	-2.457
268	110	158	-5.261	-4.461
269	110	159	-4.126	-1.748
270	110	160	-3.748	-3.699
271	110	161	-1.635	-0.744
272	110	162	-0.675	-2.804
273	110	163	-0.205	-0.422
274	110	164	-0.623	-2.879
275	110	165	-0.813	-0.448
276	110	166	-0.946	-2.582
277	110	167	-0.055	0.179
278	110	168	-0.178	-1.723
279	110	169	1.538	1.099
280	110	170	0.237	-0.705
281	110	171	2.359	2.174
282	110	172	-0.137	0.390
283	110	173	3.509	--
284	110	174	2.309	--
285	110	175	6.245	--
286	110	176	4.047	--
287	110	177	6.696	--
288	110	178	3.524	--
289	110	179	7.398	--
290	110	180	4.916	--
291	110	181	7.455	--
292	110	182	3.741	--
293	110	183	8.535	--
294	110	184	5.386	--
295	110	185	5.805	--
296	110	186	-0.123	--
297	110	187	0.446	--
298	110	188	-0.256	--
299	110	189	3.320	--
300	110	190	-0.324	--
301	110	191	3.408	--
302	110	192	0.299	--
303	110	193	4.397	--
304	110	194	-0.243	--
305	110	195	3.345	--
306	110	196	-0.736	--
269	111	158	-3.274	-2.610
270	111	159	-2.718	-0.952
271	111	160	-4.029	-1.828
272	111	161	-2.060	-0.064
273	111	162	-2.398	-1.195
274	111	163	-0.872	0.190
275	111	164	-2.041	-1.143
276	111	165	-1.359	0.268
277	111	166	-2.177	-0.818
278	111	167	-1.192	0.953
279	111	168	-0.622	0.156
280	111	169	1.979	2.040
281	111	170	1.358	1.194
282	111	171	0.815	3.061
283	111	172	0.532	2.136
284	111	173	2.047	3.919
285	111	174	3.072	--
286	111	175	3.788	--
287	111	176	3.131	--
288	111	177	3.624	--
289	111	178	4.202	--
290	111	179	5.059	--
291	111	180	4.821	--
292	111	181	4.580	--
293	111	182	5.236	--
294	111	183	7.012	--
295	111	184	6.929	--
296	111	185	4.498	--
297	111	186	1.717	--
298	111	187	-0.898	--
299	111	188	-0.805	--
300	111	189	2.018	--
301	111	190	3.549	--
302	111	191	1.850	--
303	111	192	1.857	--
304	111	193	3.266	--
305	111	194	4.695	--
306	111	195	4.738	--
307	111	196	3.191	--
308	111	197	2.641	--
272	112	160	-5.189	-4.753
273	112	161	-3.235	-2.130
274	112	162	-4.285	-3.999
275	112	163	-2.680	-1.741
276	112	164	-4.260	-4.072
277	112	165	-2.741	-1.585
278	112	166	-4.211	-3.646
279	112	167	-3.308	-0.859
280	112	168	-1.638	-2.544
281	112	169	-0.664	0.262
282	112	170	-1.294	-1.615
283	112	171	-0.066	1.119
284	112	172	-1.004	-0.799
285	112	173	1.094	1.949
286	112	174	-0.550	-0.064
287	112	175	1.399	--
288	112	176	-0.431	--
289	112	177	1.398	--
290	112	178	-0.142	--
291	112	179	2.795	--
292	112	180	1.533	--
293	112	181	4.010	--
294	112	182	1.659	--
295	112	183	5.476	--
296	112	184	4.628	--
297	112	185	4.287	--
298	112	186	-0.691	--
299	112	187	-0.153	--
300	112	188	-2.082	--
301	112	189	0.479	--
302	112	190	1.357	--
303	112	191	1.839	--
304	112	192	0.450	--
305	112	193	2.699	--
306	112	194	1.172	--
307	112	195	4.397	--
308	112	196	0.827	--
309	112	197	3.618	--
310	112	198	-0.447	--
273	113	160	-2.935	-2.945
274	113	161	-1.740	-1.189
275	113	162	-2.470	-2.273
276	113	163	-1.094	-0.814
277	113	164	-2.743	-2.073
278	113	165	-2.759	-0.674
279	113	166	-4.618	-1.784
280	113	167	-4.550	-0.010
281	113	168	-3.785	-0.734
282	113	169	-2.666	1.083
283	113	170	-1.192	0.334
284	113	171	0.798	2.075
285	113	172	0.632	1.150
286	113	173	1.900	2.916
287	113	174	1.893	1.847
288	113	175	2.332	3.322
289	113	176	1.732	--
290	113	177	3.212	--
291	113	178	4.242	--
292	113	179	4.482	--
293	113	180	4.455	--
294	113	181	6.224	--
295	113	182	7.089	--
296	113	183	9.490	--
297	113	184	8.992	--
298	113	185	8.169	--
299	113	186	5.005	--
300	113	187	2.899	--
301	113	188	-0.027	--
302	113	189	-0.598	--
303	113	190	2.432	--
304	113	191	2.675	--
305	113	192	0.906	--
306	113	193	1.152	--
307	113	194	3.073	--
308	113	195	3.873	--
309	113	196	3.560	--
310	113	197	4.324	--
311	113	198	3.682	--
275	114	161	-2.288	-3.014
276	114	162	-4.235	-5.080
277	114	163	-2.171	-2.548
278	114	164	-4.623	-4.898
279	114	165	-3.405	-2.326
280	114	166	-5.343	-4.329
281	114	167	-4.170	-1.492
282	114	168	-4.326	-3.283
283	114	169	-2.654	-0.366
284	114	170	-1.517	-2.279
285	114	171	-0.318	0.450
286	114	172	-0.881	-1.458
287	114	173	1.192	1.187
288	114	174	-0.385	-0.889
289	114	175	2.690	1.611
290	114	176	0.303	-0.502
291	114	177	4.522	--
292	114	178	1.108	--
293	114	179	6.530	--
294	114	180	1.397	--
295	114	181	7.338	--
296	114	182	2.710	--
297	114	183	11.176	--
298	114	184	6.451	--
299	114	185	11.173	--
300	114	186	3.506	--
301	114	187	5.887	--
302	114	188	1.615	--
303	114	189	2.213	--
304	114	190	0.928	--
305	114	191	2.325	--
306	114	192	0.993	--
307	114	193	0.873	--
308	114	194	1.097	--
309	114	195	2.473	--
310	114	196	1.873	--
311	114	197	2.975	--
312	114	198	1.352	--
313	114	199	2.732	--
314	114	200	1.028	--
277	115	162	-1.796	-3.129
278	115	163	-1.021	-1.693
279	115	164	-2.098	-2.822
280	115	165	-0.611	-1.160
281	115	166	-2.281	-2.123
282	115	167	-1.719	-0.259
283	115	168	-3.333	-1.047
284	115	169	-1.333	0.784
285	115	170	-1.958	-0.233
286	115	171	-0.144	1.450
287	115	172	-1.096	0.248
288	115	173	0.590	1.817
289	115	174	0.096	0.709
290	115	175	1.321	2.195
291	115	176	1.015	1.077
292	115	177	3.458	2.789
293	115	178	4.197	--
294	115	179	5.079	--
295	115	180	3.946	--
296	115	181	6.094	--
297	115	182	6.360	--
298	115	183	8.986	--
299	115	184	8.910	--
300	115	185	7.748	--
301	115	186	4.045	--
302	115	187	4.081	--
303	115	188	4.099	--
304	115	189	4.269	--
305	115	190	2.792	--
306	115	191	2.823	--
307	115	192	2.124	--
308	115	193	1.669	--
309	115	194	0.628	--
310	115	195	1.373	--
311	115	196	1.078	--
312	115	197	1.154	--
313	115	198	0.558	--
314	115	199	0.761	--
315	115	200	0.926	--
282	116	166	-4.147	-4.750
283	116	167	-2.589	-2.039
284	116	168	-4.868	-3.977
285	116	169	-3.087	-1.254
286	116	170	-3.462	-3.229
287	116	171	-2.812	-0.738
288	116	172	-3.456	-2.934
289	116	173	-2.477	-0.366
290	116	174	-2.308	-2.473
291	116	175	-2.364	-0.042
292	116	176	-2.380	-2.238
293	116	177	-0.310	0.530
294	116	178	0.375	-1.542
295	116	179	0.195	--
296	116	180	0.199	--
297	116	181	0.860	--
298	116	182	1.272	--
299	116	183	2.227	--
300	116	184	2.906	--
301	116	185	2.822	--
302	116	186	0.712	--
303	116	187	2.020	--
304	116	188	1.182	--
305	116	189	2.108	--
306	116	190	2.503	--
307	116	191	3.096	--
308	116	192	1.546	--
309	116	193	2.664	--
310	116	194	0.182	--
311	116	195	-0.499	--
312	116	196	1.542	--
313	116	197	1.265	--
314	116	198	-0.170	--
315	116	199	-0.465	--
316	116	200	-0.135	--
285	117	168	-2.286	-2.348
286	117	169	-1.353	-0.709
287	117	170	-2.209	-1.714
288	117	171	-1.308	-0.174
289	117	172	-3.045	-1.379
290	117	173	-1.607	0.230
291	117	174	-2.672	-0.861
292	117	175	-2.464	0.584
293	117	176	-2.616	-0.499
294	117	177	-0.456	1.200
295	117	178	-1.176	0.073
296	117	179	-0.620	1.360
297	117	180	-1.388	--
298	117	181	-0.036	--
299	117	182	-0.137	--
300	117	183	1.807	--
301	117	184	2.424	--
302	117	185	3.202	--
303	117	186	2.017	--
304	117	187	1.968	--
305	117	188	0.673	--
306	117	189	-0.289	--
307	117	190	1.434	--
308	117	191	3.079	--
309	117	192	3.147	--
310	117	193	3.166	--
311	117	194	-0.387	--
312	117	195	-0.709	--
313	117	196	2.990	--
314	117	197	3.257	--
315	117	198	1.288	--
316	117	199	1.069	--
317	117	200	0.888	--
286	118	168	-3.374	-5.244
287	118	169	-2.009	-2.674
288	118	170	-4.015	-4.694
289	118	171	-1.986	-2.207
290	118	172	-4.224	-4.404
291	118	173	-1.885	-1.775
292	118	174	-4.191	-3.801
293	118	175	-2.193	-1.338
294	118	176	-4.252	-3.488
295	118	177	-1.552	-0.754
296	118	178	-3.084	-2.807
297	118	179	-1.387	-0.662
298	118	180	-3.161	-2.924
299	118	181	-0.715	--
300	118	182	-1.959	--
301	118	183	1.245	--
302	118	184	0.078	--
303	118	185	2.409	--
304	118	186	0.506	--
305	118	187	0.993	--
306	118	188	-0.968	--
307	118	189	-0.709	--
308	118	190	0.806	--
309	118	191	2.018	--
310	118	192	1.975	--
311	118	193	1.663	--
312	118	194	1.174	--
313	118	195	5.208	--
314	118	196	2.487	--
315	118	197	2.706	--
316	118	198	1.379	--
317	118	199	2.607	--
318	118	200	2.135	--
287	119	168	-1.527	-3.388
288	119	169	-0.410	-1.866
289	119	170	-1.677	-2.999
290	119	171	-0.301	-1.440
291	119	172	-1.547	-2.623
292	119	173	0.170	-1.014
293	119	174	-0.788	-2.044
294	119	175	0.232	-0.579
295	119	176	-1.711	-1.808
296	119	177	0.275	-0.076
297	119	178	-0.445	-1.229
298	119	179	-0.305	-0.017
299	119	180	-1.269	-1.264
300	119	181	0.103	0.387
301	119	182	-0.031	--
302	119	183	2.707	--
303	119	184	3.042	--
304	119	185	3.034	--
305	119	186	0.781	--
306	119	187	0.571	--
307	119	188	-0.954	--
308	119	189	-0.124	--
309	119	190	0.687	--
310	119	191	1.895	--
311	119	192	0.426	--
312	119	193	0.225	--
313	119	194	6.661	--
314	119	195	7.840	--
315	119	196	3.727	--
316	119	197	4.428	--
317	119	198	4.329	--
318	119	199	4.830	--
319	119	200	3.896	--
288	120	168	-2.421	-6.262
289	120	169	-2.318	-3.786
290	120	170	-2.777	-5.960
291	120	171	-1.908	-3.320
292	120	172	-2.449	-5.470
293	120	173	-1.669	-2.945
294	120	174	-2.328	-4.989
295	120	175	-1.300	-2.551
296	120	176	-2.739	-4.805
297	120	177	-1.271	-2.159
298	120	178	-2.683	-4.225
299	120	179	-1.702	-1.990
300	120	180	-2.774	-4.234
301	120	181	-1.065	-1.538
302	120	182	-2.005	-3.568
303	120	183	1.501	--
304	120	184	0.218	--
305	120	185	1.416	--
306	120	186	-0.613	--
307	120	187	-0.897	--
308	120	188	-1.606	--
309	120	189	-0.019	--
310	120	190	-0.449	--
311	120	191	0.427	--
312	120	192	-0.117	--
313	120	193	-0.984	--
314	120	194	-0.532	--
315	120	195	6.021	--
316	120	196	2.810	--
317	120	197	4.867	--
318	120	198	3.269	--
319	120	199	4.769	--
320	120	200	2.860	--